{
  "advancedEditorSelectedIdentifier" : "ProjectBrowser",
  "openSceneRelativePaths" : [
    "Scene.usda",
    "booknoteFinal.usdc"
  ],
  "recentIdentifiers" : {
    "D66134B1-3681-4A8E-AFE5-29F257229F3B" : [

    ]
  },
  "sceneCameraHistory" : {
    "85759CB6-1B20-4A05-9FCC-058D721B7931" : [
      {
        "date" : 764180396.870147,
        "title" : "Untitled",
        "transform" : [
          0.999586,
          4.866143e-06,
          -0.028769255,
          0,
          -0.009631954,
          0.9423461,
          -0.33450127,
          0,
          0.027108986,
          0.33463997,
          0.94195604,
          0,
          0.046731263,
          0.21972495,
          0.44403866,
          1
        ]
      },
      {
        "date" : 764180353.070508,
        "title" : "Untitled",
        "transform" : [
          0.20532085,
          4.8655565e-06,
          0.9786947,
          0,
          0.15799055,
          0.98688406,
          -0.03314983,
          0,
          -0.9658582,
          0.16143091,
          0.20262708,
          0,
          -0.46008298,
          0.13690898,
          0.1311975,
          1
        ]
      },
      {
        "date" : 764180336.293936,
        "title" : "Untitled",
        "transform" : [
          0.3251034,
          4.8655565e-06,
          0.9456785,
          0,
          0.15266013,
          0.98688406,
          -0.052486274,
          0,
          -0.93327516,
          0.16143091,
          0.32083857,
          0,
          -0.4638522,
          0.13690898,
          0.22566903,
          1
        ]
      },
      {
        "date" : 764180261.824649,
        "title" : "Untitled",
        "transform" : [
          0.99989426,
          4.8616166e-06,
          0.0145422015,
          0,
          0.009337831,
          0.76638937,
          -0.64230853,
          0,
          -0.011148113,
          0.6423764,
          0.76630825,
          0,
          -0.021700647,
          0.36509266,
          0.43060464,
          1
        ]
      },
      {
        "date" : 764170688.162268,
        "title" : "Untitled",
        "transform" : [
          0.9995837,
          4.8616316e-06,
          0.028843578,
          0,
          0.020810803,
          0.69228685,
          -0.72132236,
          0,
          -0.019971544,
          0.7216225,
          0.6919987,
          0,
          -0.01089745,
          0.4137841,
          0.3842943,
          1
        ]
      },
      {
        "date" : 764170377.528378,
        "title" : "Untitled",
        "transform" : [
          0.9997027,
          4.8638017e-06,
          -0.024381235,
          0,
          -0.014050791,
          0.81735647,
          -0.5759608,
          0,
          0.019925358,
          0.5761322,
          0.8171135,
          0,
          0.009846492,
          0.28945288,
          0.3968888,
          1
        ]
      },
      {
        "date" : 764170372.430317,
        "title" : "Untitled",
        "transform" : [
          0.99944526,
          4.8638667e-06,
          -0.033305142,
          0,
          -0.017968236,
          0.84206235,
          -0.539081,
          0,
          0.028042382,
          0.5393803,
          0.8415952,
          0,
          0.013803265,
          0.27159214,
          0.40920392,
          1
        ]
      },
      {
        "date" : 764170365.695757,
        "title" : "Untitled",
        "transform" : [
          0.9538928,
          4.8641355e-06,
          -0.30014744,
          0,
          -0.14589377,
          0.87392545,
          -0.463648,
          0,
          0.26230422,
          0.4860601,
          0.8336319,
          0,
          0.12787476,
          0.2456482,
          0.40583947,
          1
        ]
      },
      {
        "date" : 764170363.961919,
        "title" : "Untitled",
        "transform" : [
          0.9538928,
          4.8641355e-06,
          -0.30014744,
          0,
          -0.14589377,
          0.87392545,
          -0.463648,
          0,
          0.26230422,
          0.4860601,
          0.8336319,
          0,
          0.2107877,
          0.40492448,
          0.66898245,
          1
        ]
      },
      {
        "date" : 764170361.080782,
        "title" : "Untitled",
        "transform" : [
          0.95389277,
          4.869784e-06,
          -0.3001474,
          0,
          -0.1388968,
          0.88648975,
          -0.44141087,
          0,
          0.26607546,
          0.46274817,
          0.8456169,
          0,
          0.17007369,
          0.28204384,
          0.45649594,
          1
        ]
      }
    ],
    "D66134B1-3681-4A8E-AFE5-29F257229F3B" : [
      {
        "date" : 764157321.884458,
        "title" : "Untitled",
        "transform" : [
          0.9975567,
          5.4184838e-08,
          -0.069861345,
          0,
          -0.023289004,
          0.9427997,
          -0.33254513,
          0,
          0.06586525,
          0.3333597,
          0.9404962,
          0,
          0.003029406,
          3.2098613,
          4.0782013,
          1
        ]
      },
      {
        "date" : 764074331.600405,
        "title" : "Untitled",
        "transform" : [
          0.99615496,
          5.3897853e-08,
          -0.087608844,
          0,
          -0.01697037,
          0.9810597,
          -0.19296071,
          0,
          0.0859495,
          0.19370554,
          0.97728753,
          0,
          -0.06446604,
          1.4123156,
          -0.6453925,
          1
        ]
      },
      {
        "date" : 764074326.700722,
        "title" : "Untitled",
        "transform" : [
          0.99615496,
          5.3897853e-08,
          -0.087608844,
          0,
          -0.01697037,
          0.9810597,
          -0.19296071,
          0,
          0.0859495,
          0.19370554,
          0.97728753,
          0,
          -0.15097938,
          1.2738695,
          -0.7791303,
          1
        ]
      },
      {
        "date" : 764072248.999939,
        "title" : "Untitled",
        "transform" : [
          0.99615496,
          5.3897853e-08,
          -0.087608844,
          0,
          -0.01697037,
          0.9810597,
          -0.19296071,
          0,
          0.0859495,
          0.19370554,
          0.97728753,
          0,
          -0.09984386,
          1.4876004,
          -0.0727191,
          1
        ]
      },
      {
        "date" : 764072247.835402,
        "title" : "Untitled",
        "transform" : [
          0.99615496,
          1.4188688e-06,
          -0.08760912,
          0,
          -0.016971758,
          0.98105973,
          -0.1929606,
          0,
          0.0859495,
          0.19370554,
          0.97728753,
          0,
          -0.09984386,
          1.4876004,
          -0.0727191,
          1
        ]
      },
      {
        "date" : 764072245.203255,
        "title" : "Untitled",
        "transform" : [
          0.99615496,
          1.4188688e-06,
          -0.08760912,
          0,
          -0.016971758,
          0.98105973,
          -0.1929606,
          0,
          0.0859495,
          0.19370554,
          0.97728753,
          0,
          0.084563375,
          1.4219671,
          -0.07592869,
          1
        ]
      },
      {
        "date" : 764072230.374537,
        "title" : "Untitled",
        "transform" : [
          0.9891202,
          2.9316933e-09,
          -0.14710931,
          0,
          -0.016414851,
          0.99375516,
          -0.11036856,
          0,
          0.14619066,
          0.111582555,
          0.9829434,
          0,
          0.084563375,
          1.4219671,
          -0.07592869,
          1
        ]
      },
      {
        "date" : 764071928.473914,
        "title" : "Untitled",
        "transform" : [
          0.99037975,
          2.9235872e-09,
          -0.13837583,
          0,
          -0.015631124,
          0.99359936,
          -0.11187453,
          0,
          0.13749015,
          0.11296125,
          0.9840408,
          0,
          -0.026312351,
          1.4395367,
          -0.061944008,
          1
        ]
      },
      {
        "date" : 764071921.896115,
        "title" : "Untitled",
        "transform" : [
          0.99656326,
          3.8299626e-09,
          -0.08283495,
          0,
          -0.045173198,
          0.83821505,
          -0.54346555,
          0,
          0.0694335,
          0.5453397,
          0.83533436,
          0,
          -0.15953706,
          1.2594936,
          -0.50434875,
          1
        ]
      },
      {
        "date" : 764071917.69168,
        "title" : "Untitled",
        "transform" : [
          0.99656326,
          3.8299626e-09,
          -0.08283495,
          0,
          -0.045173198,
          0.83821505,
          -0.54346555,
          0,
          0.0694335,
          0.5453397,
          0.83533436,
          0,
          0.80174345,
          2.5430558,
          3.6124198,
          1
        ]
      }
    ]
  },
  "sceneViewportBackgroundColors" : {

  },
  "selectedSceneRelativePath" : "booknoteFinal.usdc"
}