{
  "advancedEditorSelectedIdentifier" : "ProjectBrowser",
  "openSceneRelativePaths" : [
    "Scene.usda"
  ],
  "recentIdentifiers" : {
    "D66134B1-3681-4A8E-AFE5-29F257229F3B" : [

    ]
  },
  "sceneCameraHistory" : {
    "D66134B1-3681-4A8E-AFE5-29F257229F3B" : [
      {
        "date" : 764071928.473914,
        "title" : "Untitled",
        "transform" : [
          0.99037975,
          2.9235872e-09,
          -0.13837583,
          0,
          -0.015631124,
          0.99359936,
          -0.11187453,
          0,
          0.13749015,
          0.11296125,
          0.9840408,
          0,
          -0.026312351,
          1.4395367,
          -0.061944008,
          1
        ]
      },
      {
        "date" : 764071921.896115,
        "title" : "Untitled",
        "transform" : [
          0.99656326,
          3.8299626e-09,
          -0.08283495,
          0,
          -0.045173198,
          0.83821505,
          -0.54346555,
          0,
          0.0694335,
          0.5453397,
          0.83533436,
          0,
          -0.15953706,
          1.2594936,
          -0.50434875,
          1
        ]
      },
      {
        "date" : 764071917.69168,
        "title" : "Untitled",
        "transform" : [
          0.99656326,
          3.8299626e-09,
          -0.08283495,
          0,
          -0.045173198,
          0.83821505,
          -0.54346555,
          0,
          0.0694335,
          0.5453397,
          0.83533436,
          0,
          0.80174345,
          2.5430558,
          3.6124198,
          1
        ]
      },
      {
        "date" : 764071907.444225,
        "title" : "Untitled",
        "transform" : [
          0.99656326,
          3.8299626e-09,
          -0.08283495,
          0,
          -0.045173198,
          0.83821505,
          -0.54346555,
          0,
          0.0694335,
          0.5453397,
          0.83533436,
          0,
          2.3163214,
          3.883384,
          6.872533,
          1
        ]
      },
      {
        "date" : 764071900.518596,
        "title" : "Untitled",
        "transform" : [
          0.9875094,
          1.2713671e-09,
          -0.15755968,
          0,
          -0.12042139,
          0.64487195,
          -0.75474423,
          0,
          0.10160582,
          0.7642906,
          0.6368172,
          0,
          2.6823525,
          6.0791254,
          5.2398405,
          1
        ]
      },
      {
        "date" : 764071893.691777,
        "title" : "Untitled",
        "transform" : [
          0.9875094,
          1.2713671e-09,
          -0.15755968,
          0,
          -0.12042139,
          0.64487195,
          -0.75474423,
          0,
          0.10160582,
          0.7642906,
          0.6368172,
          0,
          1.1168535,
          3.0984702,
          0.758283,
          1
        ]
      },
      {
        "date" : 764071891.129562,
        "title" : "Untitled",
        "transform" : [
          0.9875094,
          1.2713671e-09,
          -0.15755968,
          0,
          -0.12042139,
          0.64487195,
          -0.75474423,
          0,
          0.10160582,
          0.7642906,
          0.6368172,
          0,
          -0.059783697,
          3.1092758,
          0.9330504,
          1
        ]
      },
      {
        "date" : 764071889.47767,
        "title" : "Untitled",
        "transform" : [
          0.9177496,
          5.684032e-10,
          -0.3971594,
          0,
          -0.28605348,
          0.69371617,
          -0.6610078,
          0,
          0.2755159,
          0.72024846,
          0.6366578,
          0,
          0.5450486,
          2.9700272,
          1.1213756,
          1
        ]
      },
      {
        "date" : 764071860.422532,
        "title" : "Untitled",
        "transform" : [
          0.9177496,
          5.684032e-10,
          -0.3971594,
          0,
          -0.28605348,
          0.69371617,
          -0.6610078,
          0,
          0.2755159,
          0.72024846,
          0.6366578,
          0,
          2.9341528,
          4.0340753,
          2.7665603,
          1
        ]
      },
      {
        "date" : 764071848.187528,
        "title" : "Untitled",
        "transform" : [
          0.9177496,
          5.684032e-10,
          -0.3971594,
          0,
          -0.28605348,
          0.69371617,
          -0.6610078,
          0,
          0.2755159,
          0.72024846,
          0.6366578,
          0,
          1.8630393,
          4.7920904,
          2.3725507,
          1
        ]
      }
    ]
  },
  "sceneViewportBackgroundColors" : {

  }
}