{
  "advancedEditorSelectedIdentifier" : "ProjectBrowser",
  "openSceneRelativePaths" : [
    "Scene.usda"
  ],
  "recentIdentifiers" : {
    "D66134B1-3681-4A8E-AFE5-29F257229F3B" : [

    ]
  },
  "sceneCameraHistory" : {
    "D66134B1-3681-4A8E-AFE5-29F257229F3B" : [
      {
        "date" : 764072248.999939,
        "title" : "Untitled",
        "transform" : [
          0.99615496,
          5.3897853e-08,
          -0.087608844,
          0,
          -0.01697037,
          0.9810597,
          -0.19296071,
          0,
          0.0859495,
          0.19370554,
          0.97728753,
          0,
          -0.09984386,
          1.4876004,
          -0.0727191,
          1
        ]
      },
      {
        "date" : 764072247.835402,
        "title" : "Untitled",
        "transform" : [
          0.99615496,
          1.4188688e-06,
          -0.08760912,
          0,
          -0.016971758,
          0.98105973,
          -0.1929606,
          0,
          0.0859495,
          0.19370554,
          0.97728753,
          0,
          -0.09984386,
          1.4876004,
          -0.0727191,
          1
        ]
      },
      {
        "date" : 764072245.203255,
        "title" : "Untitled",
        "transform" : [
          0.99615496,
          1.4188688e-06,
          -0.08760912,
          0,
          -0.016971758,
          0.98105973,
          -0.1929606,
          0,
          0.0859495,
          0.19370554,
          0.97728753,
          0,
          0.084563375,
          1.4219671,
          -0.07592869,
          1
        ]
      },
      {
        "date" : 764072230.374537,
        "title" : "Untitled",
        "transform" : [
          0.9891202,
          2.9316933e-09,
          -0.14710931,
          0,
          -0.016414851,
          0.99375516,
          -0.11036856,
          0,
          0.14619066,
          0.111582555,
          0.9829434,
          0,
          0.084563375,
          1.4219671,
          -0.07592869,
          1
        ]
      },
      {
        "date" : 764071928.473914,
        "title" : "Untitled",
        "transform" : [
          0.99037975,
          2.9235872e-09,
          -0.13837583,
          0,
          -0.015631124,
          0.99359936,
          -0.11187453,
          0,
          0.13749015,
          0.11296125,
          0.9840408,
          0,
          -0.026312351,
          1.4395367,
          -0.061944008,
          1
        ]
      },
      {
        "date" : 764071921.896115,
        "title" : "Untitled",
        "transform" : [
          0.99656326,
          3.8299626e-09,
          -0.08283495,
          0,
          -0.045173198,
          0.83821505,
          -0.54346555,
          0,
          0.0694335,
          0.5453397,
          0.83533436,
          0,
          -0.15953706,
          1.2594936,
          -0.50434875,
          1
        ]
      },
      {
        "date" : 764071917.69168,
        "title" : "Untitled",
        "transform" : [
          0.99656326,
          3.8299626e-09,
          -0.08283495,
          0,
          -0.045173198,
          0.83821505,
          -0.54346555,
          0,
          0.0694335,
          0.5453397,
          0.83533436,
          0,
          0.80174345,
          2.5430558,
          3.6124198,
          1
        ]
      },
      {
        "date" : 764071907.444225,
        "title" : "Untitled",
        "transform" : [
          0.99656326,
          3.8299626e-09,
          -0.08283495,
          0,
          -0.045173198,
          0.83821505,
          -0.54346555,
          0,
          0.0694335,
          0.5453397,
          0.83533436,
          0,
          2.3163214,
          3.883384,
          6.872533,
          1
        ]
      },
      {
        "date" : 764071900.518596,
        "title" : "Untitled",
        "transform" : [
          0.9875094,
          1.2713671e-09,
          -0.15755968,
          0,
          -0.12042139,
          0.64487195,
          -0.75474423,
          0,
          0.10160582,
          0.7642906,
          0.6368172,
          0,
          2.6823525,
          6.0791254,
          5.2398405,
          1
        ]
      },
      {
        "date" : 764071893.691777,
        "title" : "Untitled",
        "transform" : [
          0.9875094,
          1.2713671e-09,
          -0.15755968,
          0,
          -0.12042139,
          0.64487195,
          -0.75474423,
          0,
          0.10160582,
          0.7642906,
          0.6368172,
          0,
          1.1168535,
          3.0984702,
          0.758283,
          1
        ]
      }
    ]
  },
  "sceneViewportBackgroundColors" : {

  }
}