{
  "advancedEditorSelectedIdentifier" : "ProjectBrowser",
  "openSceneRelativePaths" : [
    "Scene.usda",
    "booknoteFinal.usdc"
  ],
  "recentIdentifiers" : {
    "D66134B1-3681-4A8E-AFE5-29F257229F3B" : [

    ],
    "DB83F58D-00B7-4E8E-A6B8-B6E2040C1A2A" : [

    ]
  },
  "sceneCameraHistory" : {
    "0AB725E6-3D73-44B3-BF06-46D44FE9145E" : [
      {
        "date" : 764070590.343454,
        "title" : "Untitled",
        "transform" : [
          0.98594886,
          1.7409494e-09,
          0.16704716,
          0,
          0.037012957,
          0.97514415,
          -0.21845825,
          0,
          -0.16289502,
          0.2215715,
          0.9614423,
          0,
          -0.39770508,
          1.5197703,
          3.8332243,
          1
        ]
      },
      {
        "date" : 764070569.751955,
        "title" : "Untitled",
        "transform" : [
          0.2033177,
          2.3167257e-09,
          -0.9791129,
          0,
          0.026590273,
          0.99963117,
          0.0055215512,
          0,
          0.9787518,
          -0.027157597,
          0.20324264,
          0,
          3.8191485,
          1.162806,
          1.6087283,
          1
        ]
      },
      {
        "date" : 764070561.052039,
        "title" : "Untitled",
        "transform" : [
          0.13702965,
          7.429203e-10,
          -0.990567,
          0,
          -0.20554908,
          0.97823364,
          -0.02843459,
          0,
          0.969006,
          0.20750643,
          0.13404694,
          0,
          3.2293375,
          1.9772785,
          1.2724931,
          1
        ]
      },
      {
        "date" : 764070542.980871,
        "title" : "Untitled",
        "transform" : [
          0.32696438,
          2.7389984e-09,
          -0.9450367,
          0,
          0.03915489,
          0.9991413,
          0.013546777,
          0,
          0.9442252,
          -0.041432187,
          0.32668352,
          0,
          3.7995052,
          1.1106805,
          2.1004515,
          1
        ]
      },
      {
        "date" : 764070531.81305,
        "title" : "Untitled",
        "transform" : [
          0.9947306,
          -1.3296599e-09,
          0.102523625,
          0,
          0.021761244,
          0.9772142,
          -0.2111369,
          0,
          -0.10018749,
          0.21225533,
          0.97206485,
          0,
          0.44098604,
          1.9924948,
          4.7702465,
          1
        ]
      },
      {
        "date" : 764070524.050901,
        "title" : "Untitled",
        "transform" : [
          0.9947306,
          -1.3296599e-09,
          0.102523625,
          0,
          0.021761244,
          0.9772142,
          -0.2111369,
          0,
          -0.10018749,
          0.21225533,
          0.97206485,
          0,
          -0.046588562,
          1.580021,
          3.3507333,
          1
        ]
      },
      {
        "date" : 764070521.262449,
        "title" : "Untitled",
        "transform" : [
          0.9990691,
          -1.3164354e-09,
          -0.04313648,
          0,
          -0.010016259,
          0.97266805,
          -0.23198426,
          0,
          0.04195753,
          0.23220031,
          0.9717626,
          0,
          0.8904196,
          2.5285444,
          6.798694,
          1
        ]
      },
      {
        "date" : 764070513.982357,
        "title" : "Untitled",
        "transform" : [
          0.99550956,
          -1.1876724e-09,
          0.09466075,
          0,
          0.04060723,
          0.903316,
          -0.42704952,
          0,
          -0.085508525,
          0.4289757,
          0.89925975,
          0,
          0.24229433,
          3.5437615,
          6.056625,
          1
        ]
      },
      {
        "date" : 764070499.347452,
        "title" : "Untitled",
        "transform" : [
          0.21131979,
          -2.328843e-09,
          0.97741693,
          0,
          0.21478905,
          0.9755558,
          -0.046437826,
          0,
          -0.9535249,
          0.21975167,
          0.20615429,
          0,
          -5.01732,
          2.46121,
          3.3353798,
          1
        ]
      },
      {
        "date" : 764070487.24074,
        "title" : "Untitled",
        "transform" : [
          0.99981284,
          5.6602384e-10,
          -0.019343143,
          0,
          -0.009305293,
          0.8766838,
          -0.480977,
          0,
          0.016957834,
          0.481067,
          0.8765198,
          0,
          0.74513173,
          3.7953656,
          5.7370253,
          1
        ]
      }
    ],
    "1D572CEB-057A-41C3-B575-04C37501A3C0" : [
      {
        "date" : 763985689.366822,
        "title" : "Untitled",
        "transform" : [
          1,
          0,
          0,
          0,
          0,
          0.7071069,
          -0.70710677,
          0,
          0,
          0.70710677,
          0.7071069,
          0,
          -0.03771621,
          5.029212,
          1.7098243,
          1
        ]
      }
    ],
    "54D2C70C-14F7-4C5C-AC50-77AB57FC4A5D" : [
      {
        "date" : 764070006.023585,
        "title" : "Untitled",
        "transform" : [
          0.9117673,
          2.509961e-09,
          0.41070724,
          0,
          0.049174182,
          0.99280643,
          -0.10916633,
          0,
          -0.40775275,
          0.11973045,
          0.9052084,
          0,
          -1.3343725,
          2.1167781,
          5.904312,
          1
        ]
      },
      {
        "date" : 764068572.11123,
        "title" : "Untitled",
        "transform" : [
          0.99995583,
          -1.5761525e-09,
          -0.009398001,
          0,
          -0.0045910887,
          0.87255085,
          -0.48850164,
          0,
          0.008200275,
          0.48852313,
          0.87251234,
          0,
          -0.11191687,
          2.4367104,
          3.4770842,
          1
        ]
      },
      {
        "date" : 764068507.214157,
        "title" : "Untitled",
        "transform" : [
          0.99995583,
          -1.5761525e-09,
          -0.009398001,
          0,
          -0.0045910887,
          0.87255085,
          -0.48850164,
          0,
          0.008200275,
          0.48852313,
          0.87251234,
          0,
          -0.14202547,
          0.99898237,
          3.0565677,
          1
        ]
      },
      {
        "date" : 764068500.988598,
        "title" : "Untitled",
        "transform" : [
          0.950847,
          -1.6122313e-09,
          -0.30966094,
          0,
          -0.18075535,
          0.81195474,
          -0.5550288,
          0,
          0.25143072,
          0.58372027,
          0.7720448,
          0,
          0.93786615,
          1.1543272,
          2.9067514,
          1
        ]
      },
      {
        "date" : 764068486.724532,
        "title" : "Untitled",
        "transform" : [
          0.84788156,
          -2.307658e-09,
          -0.5301857,
          0,
          -0.28461474,
          0.8436962,
          -0.4551606,
          0,
          0.44731566,
          0.5368209,
          0.71535444,
          0,
          1.5589355,
          1.1060679,
          2.576549,
          1
        ]
      },
      {
        "date" : 764068469.67913,
        "title" : "Untitled",
        "transform" : [
          0.99987555,
          -1.9306451e-10,
          -0.015776606,
          0,
          -0.0075845434,
          0.8768598,
          -0.48068637,
          0,
          0.013833872,
          0.48074618,
          0.87675065,
          0,
          0.3575568,
          0.69640297,
          2.5263457,
          1
        ]
      }
    ],
    "D66134B1-3681-4A8E-AFE5-29F257229F3B" : [
      {
        "date" : 764178587.2826,
        "title" : "Untitled",
        "transform" : [
          0.9902818,
          1.8308583e-08,
          -0.13907552,
          0,
          -0.041879866,
          0.95358306,
          -0.29820383,
          0,
          0.13262004,
          0.3011303,
          0.9443159,
          0,
          0.36652076,
          0.7102637,
          -0.66069156,
          1
        ]
      },
      {
        "date" : 764178542.787031,
        "title" : "Untitled",
        "transform" : [
          0.9902818,
          1.8308583e-08,
          -0.13907552,
          0,
          -0.041879866,
          0.95358306,
          -0.29820383,
          0,
          0.13262004,
          0.3011303,
          0.9443159,
          0,
          0.3665208,
          0.7102637,
          -0.6606916,
          1
        ]
      },
      {
        "date" : 764178541.786495,
        "title" : "Untitled",
        "transform" : [
          0.9902818,
          2.0171228e-08,
          -0.13907552,
          0,
          -0.04187987,
          0.95358306,
          -0.29820383,
          0,
          0.13262004,
          0.3011303,
          0.9443159,
          0,
          0.3665208,
          0.7102637,
          -0.6606916,
          1
        ]
      },
      {
        "date" : 764178538.418761,
        "title" : "Untitled",
        "transform" : [
          0.9902817,
          2.2837725e-08,
          -0.13907549,
          0,
          -0.041879866,
          0.95358306,
          -0.29820383,
          0,
          0.13262002,
          0.3011303,
          0.9443159,
          0,
          0.36652076,
          0.7102637,
          -0.6606916,
          1
        ]
      },
      {
        "date" : 764178536.698023,
        "title" : "Untitled",
        "transform" : [
          0.9902817,
          1.6868697e-08,
          -0.13907549,
          0,
          -0.041879863,
          0.95358294,
          -0.29820386,
          0,
          0.13262,
          0.30113032,
          0.9443158,
          0,
          0.36652076,
          0.7102637,
          -0.6606916,
          1
        ]
      },
      {
        "date" : 764178518.880648,
        "title" : "Untitled",
        "transform" : [
          0.99028176,
          4.1684602e-09,
          -0.13907549,
          0,
          -0.041879885,
          0.9535829,
          -0.2982041,
          0,
          0.13262,
          0.30113056,
          0.94431573,
          0,
          0.36652076,
          0.71026385,
          -0.66069174,
          1
        ]
      },
      {
        "date" : 764178516.886339,
        "title" : "Untitled",
        "transform" : [
          0.99028176,
          6.207834e-11,
          -0.13907549,
          0,
          -0.04187989,
          0.9535829,
          -0.29820415,
          0,
          0.13262,
          0.30113062,
          0.94431573,
          0,
          0.36652076,
          0.7102638,
          -0.6606917,
          1
        ]
      },
      {
        "date" : 764178511.230836,
        "title" : "Untitled",
        "transform" : [
          0.99028176,
          -2.1816584e-09,
          -0.13907549,
          0,
          -0.041879896,
          0.9535829,
          -0.2982042,
          0,
          0.13262,
          0.30113068,
          0.94431573,
          0,
          0.36652076,
          0.71026385,
          -0.6606917,
          1
        ]
      },
      {
        "date" : 764178468.739874,
        "title" : "Untitled",
        "transform" : [
          0.99028176,
          -2.3722042e-09,
          -0.13907549,
          0,
          -0.0418799,
          0.9535829,
          -0.29820424,
          0,
          0.13262,
          0.3011307,
          0.94431573,
          0,
          0.36652073,
          0.7102639,
          -0.6606917,
          1
        ]
      },
      {
        "date" : 764178340.608123,
        "title" : "Untitled",
        "transform" : [
          0.99028176,
          -3.657237e-09,
          -0.13907549,
          0,
          -0.041879915,
          0.9535829,
          -0.29820427,
          0,
          0.13261999,
          0.30113065,
          0.9443158,
          0,
          -0.06837636,
          0.7778301,
          -0.81444603,
          1
        ]
      }
    ],
    "DB83F58D-00B7-4E8E-A6B8-B6E2040C1A2A" : [
      {
        "date" : 764089817.320861,
        "title" : "Untitled",
        "transform" : [
          0.9999638,
          -9.971096e-11,
          0.008505442,
          0,
          0.0064923405,
          0.6460253,
          -0.76328844,
          0,
          -0.0054947305,
          0.76331604,
          0.64600194,
          0,
          0.09195553,
          1.2431314,
          0.52873045,
          1
        ]
      },
      {
        "date" : 764089784.509063,
        "title" : "Untitled",
        "transform" : [
          1,
          0,
          0,
          0,
          0,
          1,
          0,
          0,
          0,
          0,
          1,
          0,
          0.096449286,
          0.40011746,
          1.2899576,
          1
        ]
      },
      {
        "date" : 764089780.871106,
        "title" : "Untitled",
        "transform" : [
          1,
          0,
          0,
          0,
          0,
          1,
          0,
          0,
          0,
          0,
          1,
          0,
          -0.07501617,
          0.8394984,
          1.2899576,
          1
        ]
      },
      {
        "date" : 764089776.321584,
        "title" : "Untitled",
        "transform" : [
          0.99845815,
          -1.4156083e-09,
          -0.055509973,
          0,
          -0.038081,
          0.7275818,
          -0.6849632,
          0,
          0.040388044,
          0.686021,
          0.72646,
          0,
          0.03163338,
          -0.0035364628,
          -0.75070876,
          1
        ]
      },
      {
        "date" : 764087142.176729,
        "title" : "Untitled",
        "transform" : [
          0.99845815,
          -1.4156083e-09,
          -0.055509973,
          0,
          -0.038081,
          0.7275818,
          -0.6849632,
          0,
          0.040388044,
          0.686021,
          0.72646,
          0,
          0.020996066,
          0.27889073,
          -0.49826893,
          1
        ]
      },
      {
        "date" : 764087044.308473,
        "title" : "Untitled",
        "transform" : [
          0.99845815,
          -1.4156083e-09,
          -0.055509973,
          0,
          -0.038081,
          0.7275818,
          -0.6849632,
          0,
          0.040388044,
          0.686021,
          0.72646,
          0,
          0.020399772,
          0.29472274,
          -0.48411793,
          1
        ]
      },
      {
        "date" : 764087033.611498,
        "title" : "Untitled",
        "transform" : [
          0.99845815,
          1.3771339e-09,
          -0.05550997,
          0,
          -0.038081005,
          0.7275818,
          -0.68496317,
          0,
          0.040388048,
          0.68602103,
          0.7264599,
          0,
          -0.03286171,
          0.9096795,
          -0.2688201,
          1
        ]
      },
      {
        "date" : 764087000.020694,
        "title" : "Untitled",
        "transform" : [
          0.99845815,
          1.3771339e-09,
          -0.05550997,
          0,
          -0.038081005,
          0.7275818,
          -0.68496317,
          0,
          0.040388048,
          0.68602103,
          0.7264599,
          0,
          -0.03187235,
          0.32333636,
          -0.51190364,
          1
        ]
      },
      {
        "date" : 764086991.986071,
        "title" : "Untitled",
        "transform" : [
          0.99999,
          2.913157e-10,
          0.0044860695,
          0,
          0.0031721296,
          0.7071068,
          -0.7070996,
          0,
          -0.0031721306,
          0.70710677,
          0.70709974,
          0,
          -0.0011752099,
          0.30848533,
          -0.49759603,
          1
        ]
      },
      {
        "date" : 764086986.674914,
        "title" : "Untitled",
        "transform" : [
          0.99999,
          4.8126975e-10,
          0.00448607,
          0,
          0.0031721303,
          0.7071068,
          -0.7070997,
          0,
          -0.0031721313,
          0.7071068,
          0.7070997,
          0,
          0.13813663,
          0.32914302,
          -0.6023646,
          1
        ]
      }
    ]
  },
  "sceneViewportBackgroundColors" : {

  },
  "selectedSceneRelativePath" : "Scene.usda"
}