{
  "advancedEditorSelectedIdentifier" : "BehaviorsPluginID",
  "openSceneRelativePaths" : [
    "Scene.usda",
    "computerFinal.usdc"
  ],
  "recentIdentifiers" : {
    "D66134B1-3681-4A8E-AFE5-29F257229F3B" : [

    ]
  },
  "sceneCameraHistory" : {
    "0AB725E6-3D73-44B3-BF06-46D44FE9145E" : [
      {
        "date" : 764070590.343454,
        "title" : "Untitled",
        "transform" : [
          0.98594886,
          1.7409494e-09,
          0.16704716,
          0,
          0.037012957,
          0.97514415,
          -0.21845825,
          0,
          -0.16289502,
          0.2215715,
          0.9614423,
          0,
          -0.39770508,
          1.5197703,
          3.8332243,
          1
        ]
      },
      {
        "date" : 764070569.751955,
        "title" : "Untitled",
        "transform" : [
          0.2033177,
          2.3167257e-09,
          -0.9791129,
          0,
          0.026590273,
          0.99963117,
          0.0055215512,
          0,
          0.9787518,
          -0.027157597,
          0.20324264,
          0,
          3.8191485,
          1.162806,
          1.6087283,
          1
        ]
      },
      {
        "date" : 764070561.052039,
        "title" : "Untitled",
        "transform" : [
          0.13702965,
          7.429203e-10,
          -0.990567,
          0,
          -0.20554908,
          0.97823364,
          -0.02843459,
          0,
          0.969006,
          0.20750643,
          0.13404694,
          0,
          3.2293375,
          1.9772785,
          1.2724931,
          1
        ]
      },
      {
        "date" : 764070542.980871,
        "title" : "Untitled",
        "transform" : [
          0.32696438,
          2.7389984e-09,
          -0.9450367,
          0,
          0.03915489,
          0.9991413,
          0.013546777,
          0,
          0.9442252,
          -0.041432187,
          0.32668352,
          0,
          3.7995052,
          1.1106805,
          2.1004515,
          1
        ]
      },
      {
        "date" : 764070531.81305,
        "title" : "Untitled",
        "transform" : [
          0.9947306,
          -1.3296599e-09,
          0.102523625,
          0,
          0.021761244,
          0.9772142,
          -0.2111369,
          0,
          -0.10018749,
          0.21225533,
          0.97206485,
          0,
          0.44098604,
          1.9924948,
          4.7702465,
          1
        ]
      },
      {
        "date" : 764070524.050901,
        "title" : "Untitled",
        "transform" : [
          0.9947306,
          -1.3296599e-09,
          0.102523625,
          0,
          0.021761244,
          0.9772142,
          -0.2111369,
          0,
          -0.10018749,
          0.21225533,
          0.97206485,
          0,
          -0.046588562,
          1.580021,
          3.3507333,
          1
        ]
      },
      {
        "date" : 764070521.262449,
        "title" : "Untitled",
        "transform" : [
          0.9990691,
          -1.3164354e-09,
          -0.04313648,
          0,
          -0.010016259,
          0.97266805,
          -0.23198426,
          0,
          0.04195753,
          0.23220031,
          0.9717626,
          0,
          0.8904196,
          2.5285444,
          6.798694,
          1
        ]
      },
      {
        "date" : 764070513.982357,
        "title" : "Untitled",
        "transform" : [
          0.99550956,
          -1.1876724e-09,
          0.09466075,
          0,
          0.04060723,
          0.903316,
          -0.42704952,
          0,
          -0.085508525,
          0.4289757,
          0.89925975,
          0,
          0.24229433,
          3.5437615,
          6.056625,
          1
        ]
      },
      {
        "date" : 764070499.347452,
        "title" : "Untitled",
        "transform" : [
          0.21131979,
          -2.328843e-09,
          0.97741693,
          0,
          0.21478905,
          0.9755558,
          -0.046437826,
          0,
          -0.9535249,
          0.21975167,
          0.20615429,
          0,
          -5.01732,
          2.46121,
          3.3353798,
          1
        ]
      },
      {
        "date" : 764070487.24074,
        "title" : "Untitled",
        "transform" : [
          0.99981284,
          5.6602384e-10,
          -0.019343143,
          0,
          -0.009305293,
          0.8766838,
          -0.480977,
          0,
          0.016957834,
          0.481067,
          0.8765198,
          0,
          0.74513173,
          3.7953656,
          5.7370253,
          1
        ]
      }
    ],
    "1D572CEB-057A-41C3-B575-04C37501A3C0" : [
      {
        "date" : 763985689.366822,
        "title" : "Untitled",
        "transform" : [
          1,
          0,
          0,
          0,
          0,
          0.7071069,
          -0.70710677,
          0,
          0,
          0.70710677,
          0.7071069,
          0,
          -0.03771621,
          5.029212,
          1.7098243,
          1
        ]
      }
    ],
    "54D2C70C-14F7-4C5C-AC50-77AB57FC4A5D" : [
      {
        "date" : 764070006.023585,
        "title" : "Untitled",
        "transform" : [
          0.9117673,
          2.509961e-09,
          0.41070724,
          0,
          0.049174182,
          0.99280643,
          -0.10916633,
          0,
          -0.40775275,
          0.11973045,
          0.9052084,
          0,
          -1.3343725,
          2.1167781,
          5.904312,
          1
        ]
      },
      {
        "date" : 764068572.11123,
        "title" : "Untitled",
        "transform" : [
          0.99995583,
          -1.5761525e-09,
          -0.009398001,
          0,
          -0.0045910887,
          0.87255085,
          -0.48850164,
          0,
          0.008200275,
          0.48852313,
          0.87251234,
          0,
          -0.11191687,
          2.4367104,
          3.4770842,
          1
        ]
      },
      {
        "date" : 764068507.214157,
        "title" : "Untitled",
        "transform" : [
          0.99995583,
          -1.5761525e-09,
          -0.009398001,
          0,
          -0.0045910887,
          0.87255085,
          -0.48850164,
          0,
          0.008200275,
          0.48852313,
          0.87251234,
          0,
          -0.14202547,
          0.99898237,
          3.0565677,
          1
        ]
      },
      {
        "date" : 764068500.988598,
        "title" : "Untitled",
        "transform" : [
          0.950847,
          -1.6122313e-09,
          -0.30966094,
          0,
          -0.18075535,
          0.81195474,
          -0.5550288,
          0,
          0.25143072,
          0.58372027,
          0.7720448,
          0,
          0.93786615,
          1.1543272,
          2.9067514,
          1
        ]
      },
      {
        "date" : 764068486.724532,
        "title" : "Untitled",
        "transform" : [
          0.84788156,
          -2.307658e-09,
          -0.5301857,
          0,
          -0.28461474,
          0.8436962,
          -0.4551606,
          0,
          0.44731566,
          0.5368209,
          0.71535444,
          0,
          1.5589355,
          1.1060679,
          2.576549,
          1
        ]
      },
      {
        "date" : 764068469.67913,
        "title" : "Untitled",
        "transform" : [
          0.99987555,
          -1.9306451e-10,
          -0.015776606,
          0,
          -0.0075845434,
          0.8768598,
          -0.48068637,
          0,
          0.013833872,
          0.48074618,
          0.87675065,
          0,
          0.3575568,
          0.69640297,
          2.5263457,
          1
        ]
      }
    ],
    "D66134B1-3681-4A8E-AFE5-29F257229F3B" : [
      {
        "date" : 764070716.515247,
        "title" : "Untitled",
        "transform" : [
          0.98729867,
          -6.1833028e-09,
          -0.15887517,
          0,
          -0.07791287,
          0.87149596,
          -0.48417395,
          0,
          0.13845918,
          0.4904027,
          0.8604268,
          0,
          0.57411504,
          2.3086138,
          0.1648902,
          1
        ]
      },
      {
        "date" : 764070672.628672,
        "title" : "Untitled",
        "transform" : [
          0.9881542,
          -6.1833028e-09,
          -0.15346448,
          0,
          -0.075259455,
          0.87149596,
          -0.48459348,
          0,
          0.1337438,
          0.4904027,
          0.8611724,
          0,
          0.2928034,
          1.3585148,
          -1.5000224,
          1
        ]
      },
      {
        "date" : 764070664.463195,
        "title" : "Untitled",
        "transform" : [
          0.9881542,
          -6.1833028e-09,
          -0.15346448,
          0,
          -0.075259455,
          0.87149596,
          -0.48459348,
          0,
          0.1337438,
          0.4904027,
          0.8611724,
          0,
          0.008027821,
          2.2893198,
          -0.8651952,
          1
        ]
      },
      {
        "date" : 764070657.651546,
        "title" : "Untitled",
        "transform" : [
          -0.4629085,
          -6.1091683e-09,
          -0.88640624,
          0,
          -0.82322073,
          0.3707884,
          0.42991117,
          0,
          0.32866907,
          0.92871743,
          -0.17164119,
          0,
          0.39667055,
          2.7836137,
          -2.394563,
          1
        ]
      },
      {
        "date" : 764070651.764112,
        "title" : "Untitled",
        "transform" : [
          0.98735154,
          -1.7497083e-08,
          -0.1585469,
          0,
          -0.049073327,
          0.9508932,
          -0.30560407,
          0,
          0.15076125,
          0.30951902,
          0.93886584,
          0,
          0.047733456,
          1.8703821,
          -0.80015624,
          1
        ]
      },
      {
        "date" : 764070647.446974,
        "title" : "Untitled",
        "transform" : [
          0.96956575,
          -1.5046728e-08,
          -0.24483126,
          0,
          0.049982745,
          0.9789393,
          0.1979388,
          0,
          0.239675,
          -0.20415203,
          0.9491459,
          0,
          0.24825493,
          0.9496521,
          -0.58210766,
          1
        ]
      },
      {
        "date" : 764070638.055504,
        "title" : "Untitled",
        "transform" : [
          0.9805254,
          -1.6153756e-08,
          -0.19639257,
          0,
          -0.010626228,
          0.99853516,
          -0.053053103,
          0,
          0.19610496,
          0.054106798,
          0.979089,
          0,
          0.3108624,
          1.8953447,
          1.3924434,
          1
        ]
      },
      {
        "date" : 764070634.417143,
        "title" : "Untitled",
        "transform" : [
          0.44282466,
          -5.0175473e-09,
          -0.89660823,
          0,
          -0.5985867,
          0.74450916,
          -0.2956351,
          0,
          0.66753316,
          0.6676123,
          0.32968694,
          0,
          2.01487,
          4.136373,
          -1.0031981,
          1
        ]
      },
      {
        "date" : 764070629.99317,
        "title" : "Untitled",
        "transform" : [
          0.9745287,
          8.9080693e-10,
          -0.22426306,
          0,
          0.007963422,
          0.9993693,
          0.034605134,
          0,
          0.22412173,
          -0.035509564,
          0.9739141,
          0,
          0.54081416,
          1.7283105,
          2.574406,
          1
        ]
      },
      {
        "date" : 764070624.334249,
        "title" : "Untitled",
        "transform" : [
          0.9745287,
          8.9080693e-10,
          -0.22426306,
          0,
          0.007963422,
          0.9993693,
          0.034605134,
          0,
          0.22412173,
          -0.035509564,
          0.9739141,
          0,
          1.3686973,
          2.5482621,
          6.5153294,
          1
        ]
      }
    ]
  },
  "sceneViewportBackgroundColors" : {

  },
  "selectedSceneRelativePath" : "Scene.usda"
}